0.065712
0.997721
0.995212
0.997634
0.994694
0.009201
0.005963
0.115677
0.057608
0.006615
0.011564
0.196115
0.004925
0.007537
0.063228
0.023598
0.011918
0.004825
0.052775
0.010524
0.997682
0.641969
0.005787
0.006114
0.997641
0.009275
0.036676
0.010170
0.031241
0.021042
0.066005
0.997690
0.017152
0.024529
0.009382
0.014367
0.007473
0.014880
0.010146
0.010864
0.054110
0.856086
0.009575
0.006121
0.147228
0.009242
0.997617
0.020957
0.997475
0.997707
0.010875
0.006996
0.653257
0.016113
0.088431
0.068539
0.997694
0.013945
0.997715
0.019109
0.997467
0.995523
0.020501
0.018587
0.029873
0.069201
0.138490
0.779738
0.997606
0.028832
0.033218
0.997620
0.027812
0.131497
0.997648
0.011601
0.046039
0.995015
0.034112
0.022942
0.016703
0.024188
0.995604
0.009956
0.997490
0.996187
0.083163
0.995235
0.008011
0.004571
0.984592
0.007819
0.120085
0.034278
0.995440
0.995732
0.025532
0.997699
0.996426
0.011625
0.936087
0.995453
0.017635
0.054423
0.995285
0.018346
0.008168
0.017759
0.997608
0.049671
0.012164
0.005687
0.986675
0.018504
0.035187
0.997455
0.005927
0.009690
0.021227
0.997260
0.221148
0.005496
0.005458
0.018129
0.012885
0.011593
0.535130
0.012963
0.548434
0.007893
0.005913
0.007178
0.024530
0.997696
0.098471
0.013750
0.088988
0.010308
0.006873
0.201563
0.007807
0.072877
0.074203
0.975799
0.008327
0.007395
0.026363
0.997453
0.028747
0.163287
0.997552
0.074423
0.989454
0.011395
0.020225
0.005862
0.997482
0.997566
0.013426
0.009743
0.028721
0.022353
0.026302
0.010732
0.039004
0.006692
0.996125
0.008568
0.005898
0.995684
0.007958
0.011722
0.010453
0.997703
0.030305
0.005414
0.016624
0.018266
0.018338
0.014332
0.005023
0.009287
0.006994
0.996306
0.068741
0.997617
0.005303
0.004870
0.997614
0.008402
0.006086
0.005209
0.007638
0.006282
0.010759
0.005227
0.067657
0.997702
0.007254
0.738994
0.049281
0.017267
0.017341
0.997711
0.058313
0.007118
0.996074
0.964796
0.009529
0.018870
0.011709
0.264743
0.004195
0.997621
0.006189
0.008110
0.997700
0.007047
0.009987
0.065797
0.140206
0.007686
0.006243
0.997692
0.005280
0.997629
0.997643
0.024577
0.008731
0.007988
0.997705
0.997712
0.021446
0.254070
0.975630
0.009620
0.030617
0.689063
0.006956
0.071465
0.006833
0.750261
0.997722
0.995463
0.013738
0.011189
0.067446
0.995778
0.013896
0.007585
0.014874
0.006164
0.012454
0.007812
0.995759
0.006267
0.047575
0.007835
0.056361
0.901517
0.006672
0.997512
0.010016
0.018457
0.010473
0.007140
0.008493
0.012396
0.006481
0.018339
0.014946
0.015602
0.250779
0.996087
0.016333
0.013393
0.009604
0.019188
0.005837
0.008772
0.028292
0.012308
0.010061
0.093984
0.012479
0.997626
0.034921
0.009513
0.997712
0.035855
0.006512
0.050654
0.008097
0.049145
0.004574
0.006715
0.007775
0.997625
0.026552
0.013349
0.995553
0.007346
0.024891
0.036114
0.070483
0.005065
0.020684
0.014277
0.007501
0.040521
0.008913
0.048839
0.996275
0.996195
0.007738
0.004121
0.009414
0.012292
0.033017
0.016835
0.007341
0.014852
0.996266
0.794483
0.007460
0.058614
0.997637
0.009345
0.016403
0.149831
0.008607
0.029737
0.008536
0.007040
0.006193
0.997578
0.997633
0.013885
0.029627
0.005722
0.016443
0.027663
0.037673
0.026459
0.997338
0.997621
0.060378
0.020636
0.006295
0.009209
0.008600
0.995267
0.004605
0.215246
0.006879
0.066332
0.032323
0.004676
0.008641
0.008631
0.008353
0.068054
0.997409
0.139153
0.997657
0.049136
0.012510
0.052941
0.008128
0.027618
0.011220
0.007082
0.997697
0.014193
0.016692
0.011289
0.007679
0.997682
0.031781
0.009436
0.011156
0.007698
0.007487
0.157269
0.997690
0.011104
0.997724
0.012042
0.004552
0.017145
0.006103
0.380356
0.018450
0.997630
0.067394
0.008996
0.004456
0.997688
0.163411
0.010538
0.007066
0.010741
0.003760
0.012848
0.997686
0.014197
0.007387
0.044251
0.011020
0.030974
0.030408
0.994942
0.041235
0.037301
0.031945
0.011259
0.005393
0.006082
0.011049
0.009348
0.059229
0.020145
0.011913
0.020727
0.432078
0.381430
0.012100
0.051928
0.021965
0.399811
0.997575
0.011326
0.077039
0.015415
0.006340
0.997704
0.007552
0.031173
0.026119
0.997356
0.019933
0.014643
0.362383
0.006671
0.997503
0.997628
0.997710
0.157471
0.009441
0.024080
0.005965
0.996162
0.007938
0.010359
0.011990
0.005022
0.173865
0.035561
0.012577
0.008098
0.010769
0.996457
0.048334
0.997508
0.006836
0.009175
0.997602
0.012660
0.009828
0.005451
0.017876
0.020974
0.046267
0.076171
0.006955
0.007021
0.005923
0.032715
0.177346
0.006814
0.027655
0.012405
0.008227
0.997591
0.995411
0.098321
0.995760
0.011869
0.245515
0.997707
0.053257
0.997690
0.776930
0.007981
0.031851
0.194903
0.006400
0.010386
0.007970
0.006835
0.022397
0.997511
0.124627
0.023163
0.016245
0.014529
0.008601
0.014667
0.008255
0.087524
0.068996
0.838039
0.007671
0.019096
0.005107
0.008326
0.016274
0.022516
0.012609
0.012557
0.283677
0.006955
0.089757
0.995783
0.013542
0.005546
0.007767
0.013023
0.013175
0.019983
0.997316
0.079366
0.012511
0.995725
0.004126
0.995329
0.275568
0.066161
0.997702
0.009536
0.007447
0.997309
0.997371
0.006702
0.006261
0.112646
0.087428
0.997706
0.031935
0.009025
0.116053
0.995669
0.995502
0.007814
0.156184
0.009479
0.011406
0.005244
0.997681
0.020327
0.093281
0.009611
0.015028
0.020565
0.016531
0.004835
0.018418
0.005048
0.005595
0.997519
0.004284
0.005895
0.009047
0.997726
0.997719
0.468871
0.011403
0.019541
0.008526
0.004776
0.008787
0.997513
0.995845
0.997633
0.012130
0.995992
0.997648
0.178978
0.031090
0.587006
0.997598
0.016979
0.006383
0.012447
0.012717
0.022821
0.018445
0.899911
0.019323
0.997652
0.005773
0.057502
0.005190
0.014375
0.005141
0.009452
0.006783
0.006729
0.298007
0.997699
0.018905
0.007003
0.997377
0.579279
0.046016
0.997696
0.170038
0.997657
0.115373
0.006788
0.215165
0.023515
0.011461
0.007670
0.005369
0.015341
0.016163
0.007071
0.039454
0.005676
0.995231
0.013144
0.023915
0.005976
0.997454
0.021324
0.011455
0.007631
0.005360
0.010331
0.026228
0.008826
0.012367
0.009022
0.012167
0.158443
0.009859
0.019256
0.031690
0.019882
0.686803
0.006822
0.010277
0.014644
0.032046
0.004532
0.013846
0.012319
0.043119
0.937128
0.005304
0.017547
0.995976
0.799215
0.011315
0.023496
0.005545
0.005973
0.010941
0.010365
0.020098
0.994353
0.005241
0.014914
0.996383
0.997456
0.023450
0.005146
0.018005
0.006937
0.997592
0.006727
0.994562
0.041094
0.996220
0.997732
0.015960
0.997710
0.008523
0.006346
0.009494
0.030091
0.996229
0.008183
0.020964
0.997551
0.997475
0.005114
0.997519
0.997617
0.301242
0.031571
0.013054
0.997713
0.009422
0.018798
0.997710
0.128209
0.015330
0.043311
0.996057
0.285451
0.405740
0.993965
0.006317
0.905427
0.016106
0.967016
0.006417
0.030313
0.675948
0.997601
0.038850
0.010298
0.047939
0.007019
0.041750
0.079711
0.016487
0.012086
0.033967
0.996217
0.012549
0.029780
0.005418
0.012064
0.012717
0.017315
0.035395
0.006564
0.021801
0.008035
0.997508
0.455496
0.021270
0.772321
0.011179
0.025263
0.995628
0.017402
0.006247
0.997469
0.014920
0.042429
0.004629
0.997715
0.997525
0.187676
0.163346
0.010578
0.036464
0.021110
0.997564
0.028363
0.997586
0.513574
0.011345
0.009717
0.011978
0.028333
0.997584
0.006900
0.997693
0.011651
0.008020
0.017309
0.997710
0.101582
0.721363
0.014154
0.067320
0.015594
0.028541
0.010416
0.997228
0.483720
0.356757
0.033179
0.009492
0.027975
0.006339
0.008300
0.997573
0.009024
0.103502
0.005247
0.018877
0.043984
0.995177
0.115195
0.053480
0.008498
0.008977
0.082615
0.004793
0.011404
0.994990
0.071474
0.040487
0.008617
0.997703
0.997665
0.006600
0.997702
0.008730
0.110141
0.997650
0.011112
0.008547
0.034578
0.031986
0.038631
0.009020
0.009992
0.012848
0.995252
0.050417
0.005581
0.997693
0.969695
0.995088
0.098891
0.015930
0.996041
0.004939
0.367738
0.015143
0.048337
0.019203
0.032343
0.008393
0.997598
0.063818
0.011204
0.027042
0.014604
0.021424
0.097702
0.013636
0.008943
0.013092
0.997495
0.006293
0.837728
0.029153
0.010313
0.005119
0.008179
0.267996
0.710936
0.029921
0.023495
0.077467
0.012795
0.997543
0.294727
0.997377
0.514778
0.061486
0.007590
0.016877
0.012663
0.008000
0.010801
0.090719
0.007821
0.032112
0.008804
0.314599
0.021035
0.997351
0.113457
0.026929
0.276213
0.995933
0.011057
0.006686
0.015535
0.997339
0.014008
0.031898
0.997481
0.054838
0.782342
0.010767
0.009284
0.996168
0.997351
0.997589
0.010498
0.032182
0.997705
0.997603
0.009414
0.997541
0.019941
0.012805
0.004979
0.996160
0.997457
0.997445
0.040184
0.052786
0.005235
0.017189
0.013014
0.216580
0.005485
0.997708
0.007370
0.997591
0.034079
0.051204
0.006907
0.294487
0.913984
0.997366
0.014203
0.008439
0.028275
0.009739
0.013863
0.985095
0.414651
0.019225
0.045390
0.030765
0.160005
0.005121
0.297182
0.030504
0.993336
0.032034
0.997613
0.010995
0.015456
0.069360
0.013903
0.011961
0.008535
0.015675
0.009473
0.282289
0.031076
0.015114
0.007048
0.013636
0.997606
0.016891
0.007736
0.011211
0.006785
0.997697
0.073907
0.011547
0.994927
0.007954
0.029158
0.019960
0.995852
0.009013
0.029705
0.016327
0.010169
0.037526
0.997515
0.042435
0.010634
0.011370
0.995729
0.009319
0.012752
0.012659
0.010583
0.006651
0.007981
0.033702
0.010365
0.997472
0.012236
0.006164
0.016092
0.053567
0.004819
0.006109
0.012267
0.027650
0.852372
0.012726
0.008340
0.997256
0.084715
0.084277
0.046084
0.036690
0.006811
0.009453
0.997543
0.174497
0.020358
0.996387
0.020789
0.997702
0.101895
0.024585
0.009801
0.394065
0.006143
0.081170
0.072538
0.010756
0.005702
0.068920
0.031529
0.005554
0.006230
0.007947
0.997687
0.016708
0.013570
0.004814
0.008985
0.891678
0.997692
0.087994
0.076700
0.997476
0.007808
0.005701
0.997707
0.012008
0.997575
0.969286
0.025465
0.008680
0.064220
0.706991
0.997663
0.213078
0.005818
0.028659
0.014678
0.997614
0.006661
0.030279
0.997627
0.994082
0.014612
0.013493
0.997476
0.008779
0.007161
0.997687
0.997724
0.997701
0.006256
0.597355
0.997608
0.048568
0.005594
0.008917
0.013649
0.103003
0.048557
0.904176
0.015558
0.006874
0.997701
0.006337
0.995937
0.019627
0.024483
0.020089
0.997598
0.037460
0.997667
0.006054
0.011838
0.997524
0.054072
0.055984
0.069171
0.014060
0.997684
0.015366
0.008535
0.006096
0.004946
0.005806
0.995627
0.086696
0.997706
0.011079
0.011692
0.130262
0.009567
0.034111
0.007045
0.997628
0.005757
0.062636
0.015181
0.016924
0.049249
0.012001
0.994387
0.018239
0.010171
0.016953
0.054462
0.997713
0.081737
0.036155
0.007544
0.005070
0.055956
0.004337
0.997608
0.005091
0.005940
0.007700
0.005808
0.997703
0.995967
0.015732
0.006730
0.006388
0.010253
0.007522
0.016879
0.997452
0.997660
0.997509
0.017819
0.012637
0.006547
0.997735
0.007840
0.010716
0.037075
0.015156
0.006454
0.005109
0.334496
0.009600
0.007657
0.995993
0.016666
0.052646
0.021097
0.019408
0.038583
0.014821
0.006142
0.007872
0.077393
0.008970
0.061871
0.015956
0.005476
0.034080
0.010557
0.995671
0.015562
0.995486
0.013591
0.995785
0.007999
0.004483
0.031135
0.005511
0.020987
0.997717
0.012087
0.004700
0.014090
0.997715
0.997640
0.032027
0.997680
0.095126
0.005814
0.014017
0.015967
0.013564
0.006516
0.017498
0.051918
0.013820
0.023417
0.997702
0.009140
0.007192
0.086766
0.014917
0.005690
0.997703
0.012022
0.005757
0.076479
0.711973
0.010334
0.135263
0.995686
0.054743
0.007838
0.996191
0.063811
0.652194
0.945643
0.032110
0.361490
0.031414
0.047692
0.007615
0.021199
0.259336
0.755914
0.995141
0.030321
0.006099
0.137914
0.020395
0.997669
0.029926
0.997529
0.997605
0.995236
0.008131
0.016956
0.007741
0.024763
0.990455
0.064842
0.006105
0.004687
0.742807
0.995534
0.005010
0.006811
0.007984
0.008737
0.006668
0.008739
0.007368
0.023601
0.006254
0.031322
0.005561
0.008651
0.996035
0.997508
0.018943
0.006999
0.020777
0.007845
0.997668
0.049617
0.460530
0.005450
0.033739
0.008921
0.014437
0.997703
0.386397
0.014216
0.018260
0.012886
0.037086
0.026898
0.006907
0.007485
0.008841
0.996446
0.009208
0.017976
0.995498
0.011118
0.004855
0.007544
0.046005
0.995913
0.997567
0.921417
0.003863
0.012773
0.007000
0.074135
0.059629
0.007677
0.995430
0.995342
0.009378
0.997577
0.008342
0.013904
0.012133
0.006575
0.006849
0.967090
0.007634
0.004322
0.997537
0.009636
0.997317
0.204619
0.013914
0.275136
0.024249
0.026856
0.014268
0.012827
0.983458
0.997672
0.006562
0.997713
0.021547
0.207819
0.005652
0.115774
0.007593
0.577028
0.006517
0.009880
0.997536
0.046625
0.011529
0.011051
0.007805
0.996580
0.997685
0.005419
0.029880
0.007649
0.019171
0.016545
0.007414
0.027827
0.033152
0.213744
0.018302
0.018671
0.997524
0.997525
0.127720
0.997612
0.009460
0.017103
0.005988
0.151662
0.005367
0.007127
0.005027
0.178638
0.008132
0.015817
0.997690
0.997645
0.009638
0.007201
0.006577
0.038392
0.997538
0.007659
0.016125
0.346547
0.996238
0.062883
0.997504
0.005761
0.038485
0.008123
0.997635
0.010343
0.007843
0.011034
0.009418
0.018538
0.021622
0.009862
0.096541
0.997711
0.005591
0.997361
0.005484
0.023244
0.014719
0.996131
0.996096
0.997637
0.986371
0.993130
0.010620
0.412653
0.006586
0.008269
0.997520
0.007895
0.012835
0.020933
0.009198
0.006100
0.013332
0.009733
0.006926
0.034351
0.121471
0.005825
0.046975
0.007497
0.009024
0.996400
0.026450
0.006958
0.005837
0.014025
0.046877
0.011124
0.997208
0.017096
0.053885
0.009521
0.028249
0.995307
0.995070
0.016088
0.995997
0.994902
0.015167
0.997641
0.013004
0.013057
0.006739
0.004396
0.022335
0.997690
0.007425
0.997591
0.021689
0.044414
0.994560
0.006298
0.007150
0.997488
0.005457
0.008669
0.004382
0.035898
0.044104
0.421411
0.010621
0.011868
0.187389
0.026929
0.777756
0.070525
0.080568
0.004887
0.007611
0.121347
0.996101
0.997299
0.085671
0.006772
0.022487
0.015753
0.014538
0.008782
0.011146
0.996076
0.010215
0.014290
0.005793
0.012069
0.997616
0.011356
0.016852
0.997706
0.007822
0.007655
0.995846
0.012834
0.997712
0.011879
0.040816
0.017480
0.008145
0.007082
0.011723
0.018266
0.997743
0.310241
0.009681
0.011489
0.011929
0.007249
0.011500
0.997703
0.012662
0.015685
0.016725
0.013936
0.016341
0.006005
0.024450
0.021668
0.996157
0.062710
0.010364
0.994837
0.995226
0.996236
0.982462
0.086756
0.014795
0.029211
0.009957
0.034086
0.016868
0.862457
0.024848
0.020422
0.058903
0.997530
0.997507
0.997417
0.007364
0.996216
0.997480
0.008123
0.029797
0.997357
0.056102
0.011445
0.007891
0.250211
0.005536
0.027473
0.994641
0.997442
0.008200
0.028643
0.997670
0.014806
0.016730
0.995127
0.015334
0.007634
0.648015
0.009542
0.011684
0.004993
0.020969
0.006269
0.995838
0.132868
0.004586
0.986794
0.009167
0.011866
0.005612
0.995738
0.005317
0.006853
0.014254
0.997618
0.012808
0.057188
0.007544
0.997613
0.056574
0.019426
0.022510
0.997670
0.005088
0.010003
0.454062
0.025446
0.025367
0.006694
0.087506
0.018329
0.027378
0.004779
0.997623
0.050797
0.019757
0.786251
0.007166
0.997632
0.017326
0.995985
0.996034
0.008829
0.008592
0.008818
0.997707
0.010362
0.995914
0.005525
0.032183
0.010206
0.033645
0.011929
0.022184
0.968581
0.018365
0.378686
0.015067
0.004890
0.046212
0.997709
0.997605
0.997323
0.005864
0.997594
0.997628
0.098376
0.021309
0.009272
0.006492
0.016178
0.997637
0.997708
0.006944
0.089975
0.912742
0.026841
0.047804
0.005979
0.055104
0.004660
0.009457
0.005346
0.005896
0.016030
0.004924
0.021877
0.007921
0.986790
0.028039
0.997697
0.028483
0.997656
0.008643
0.005619
0.114914
0.030281
0.552424
0.094627
0.005459
0.006680
0.203717
0.996059
0.044743
0.997703
0.314825
0.010655
0.025970
0.012418
0.217666
0.997515
0.995135
0.007792
0.032368
0.008364
0.023827
0.996948
0.996075
0.005636
0.012866
0.995736
0.296940
0.012257
0.517336
0.007596
0.012489
0.009293
0.014449
0.010016
0.066080
0.996268
0.016230
0.005856
0.085393
0.007993
0.072553
0.021365
0.012287
0.996455
0.009970
0.997704
0.009720
0.005986
0.123369
0.017436
0.007078
0.017483
0.997700
0.006200
0.004779
0.190758
0.913976
0.008347
0.005873
0.997511
0.007424
0.007810
0.024533
0.021868
0.008752
0.007414
0.006089
0.997538
0.985058
0.006659
0.021117
0.058265
0.009789
0.011618
0.011099
0.934793
0.104216
0.030462
0.997719
0.996285
0.021849
0.011355
0.005997
0.006584
0.997545
0.996461
0.005594
0.997552
0.022822
0.526907
0.016244
0.014173
0.014621
0.007814
0.020040
0.014913
0.026971
0.005320
0.996207
0.027017
0.997714
0.997718
0.402185
0.008953
0.060181
0.049137
0.016189
0.009657
0.012193
0.121999
0.997630
0.997577
0.016352
0.006698
0.015978
0.007344
0.997671
0.014998
0.042935
0.995141
0.994049
0.041978
0.064263
0.012176
0.015527
0.994613
0.997531
0.071406
0.024418
0.007291
0.453734
0.996167
0.995871
0.207547
0.009251
0.007491
0.105537
0.006313
0.034843
0.011355
0.005446
0.091646
0.007340
0.997515
0.008785
0.014161
0.856967
0.994382
0.012862
0.010408
0.050292
0.022267
0.136762
0.037977
0.218607
0.026116
0.007749
0.011357
0.009949
0.402976
0.003806
0.994892
0.005243
0.018512
0.006760
0.997710
0.997665
0.995187
0.997560
0.010239
0.009257
0.997691
0.005969
0.019027
0.004314
0.113486
0.013998
0.997616
0.996103
0.007856
0.005331
0.997627
0.997658
0.016395
0.053977
0.007847
0.024239
0.009373
0.008077
0.014928
0.024886
0.005622
0.025078
0.985254
0.995235
0.010040
0.997696
0.025086
0.033034
0.011604
0.074486
0.006173
0.436058
0.024176
0.058245
0.987231
0.072928
0.007724
0.009343
0.997570
0.005326
0.007956
0.016179
0.051487
0.029046
0.103163
0.101710
0.997647
0.027392
0.063344
0.996242
0.132002
0.007911
0.020207
0.997614
0.906570
0.155491
0.482954
0.995124
0.013392
0.997337
0.022560
0.016624
0.005060
0.036042
0.093168
0.082360
0.026654
0.996023
0.014180
0.010341
0.997373
0.189280
0.028356
